Sample	Chromosome	Start	End	Copy_Nr_Raw	CopyNr	A	B	LOH	Theta	Theta_Exp	n_SNPs	Is_Subclonal_CN	Subclonal_P_value	Is_Inconsistent_State
4SubClones0.9_T-fakeNormal	chr1	925920	15168798	2.03592	2	2	0	1	0.518987	0.490114	323	0	0.0874855	0
4SubClones0.9_T-fakeNormal	chr1	15171159	16206104	2.27256	2	2	0	1	0.362984	0.490114	68	1	5.5733e-05	0
4SubClones0.9_T-fakeNormal	chr1	16206158	20354284	1.78932	2	2	0	1	0.429643	0.490114	148	0	0.0146373	0
4SubClones0.9_T-fakeNormal	chr1	20483627	43150841	0.714249	1	1	0	1	0.485714	0.327243	431	0	1	0
4SubClones0.9_T-fakeNormal	chr1	43152806	43604210	1.88734	2	2	0	1	0.764706	0.490114	25	0	1	0
4SubClones0.9_T-fakeNormal	chr1	43604881	47260560	2.73622	3	3	0	1	0.476829	0.590372	92	1	0.000245829	1
4SubClones0.9_T-fakeNormal	chr1	47262881	91385855	2.03608	2	2	0	1	0.505618	0.490114	375	0	0.301334	0
4SubClones0.9_T-fakeNormal	chr1	91394071	117624065	0.85234	1	1	0	1	0.484536	0.327243	275	0	1	0
4SubClones0.9_T-fakeNormal	chr1	117870547	149887937	2.67537	3	3	0	1	0.524032	0.590372	38	0	0.177852	0
4SubClones0.9_T-fakeNormal	chr1	149900038	152088164	3.05201	3	2	1	0	0.351351	0.214462	59	1	0.000125015	1
4SubClones0.9_T-fakeNormal	chr1	152107363	211576310	2.8646	3	3	0	1	0.476636	0.590372	983	1	3.38618e-14	1
4SubClones0.9_T-fakeNormal	chr1	211577969	222750079	1.82555	2	2	0	1	0.504762	0.490114	71	0	0.622484	0
4SubClones0.9_T-fakeNormal	chr1	222942802	235775107	1.5665	2	2	0	1	0.506329	0.490114	243	0	0.376385	0
4SubClones0.9_T-fakeNormal	chr1	235777041	242265469	2.19044	2	2	0	1	0.371193	0.490114	84	1	2.08702e-05	0
4SubClones0.9_T-fakeNormal	chr1	242449332	247868084	1.6445	2	2	0	1	0.589029	0.490114	76	0	1	0
4SubClones0.9_T-fakeNormal	chr1	247875878	248407125	5.51719	6	5	1	0	0.496424	0.495052	24	0	0.980253	0
4SubClones0.9_T-fakeNormal	chr1	248473329	248918384	1.21574	1	1	0	1	0.381893	0.327243	20	0	0.397511	0
4SubClones0.9_T-fakeNormal	chr2	1267343	65021167	2.23094	2	2	0	1	0.450292	0.490114	545	0	0.00793567	0
4SubClones0.9_T-fakeNormal	chr2	65069423	97091727	2.03018	2	2	0	1	0.475652	0.490114	252	0	0.357623	0
4SubClones0.9_T-fakeNormal	chr2	97124438	105092590	1.98202	2	2	0	1	0.319493	0.490114	74	1	8.24663e-08	1
4SubClones0.9_T-fakeNormal	chr2	105093508	128186820	4.97349	5	4	1	0	0.369679	0.424086	126	0	0.00306215	0
4SubClones0.9_T-fakeNormal	chr2	128187427	134981539	5.62386	6	4	2	0	0.333333	0.256414	21	0	0.0609165	0
4SubClones0.9_T-fakeNormal	chr2	134983158	140233347	5.50788	6	5	1	0	0.609754	0.495052	22	0	0.00367221	0
4SubClones0.9_T-fakeNormal	chr2	140234764	151512858	2.8235	3	3	0	1	0.450549	0.590372	21	0	0.00362277	0
4SubClones0.9_T-fakeNormal	chr2	151513558	170956580	2.10646	2	2	0	1	0.46087	0.490114	175	0	0.157946	0
4SubClones0.9_T-fakeNormal	chr2	170961641	173266771	1.91495	2	2	0	1	0.490909	0.490114	25	0	0.988089	0
4SubClones0.9_T-fakeNormal	chr2	173358690	219630373	1.11279	1	1	0	1	0.439009	0.327243	516	0	1	0
4SubClones0.9_T-fakeNormal	chr2	219631946	233540787	3.33775	3	3	0	1	0.507331	0.590372	161	1	0.000184261	0
4SubClones0.9_T-fakeNormal	chr2	233542246	236040862	3.71408	4	4	0	1	0.545349	0.65772	56	0	0.00139276	0
4SubClones0.9_T-fakeNormal	chr2	236049037	241316576	2.90005	3	3	0	1	0.450257	0.590372	154	1	3.33134e-09	1
4SubClones0.9_T-fakeNormal	chr2	241335104	241817069	2.1639	2	2	0	1	0.441864	0.490114	20	0	0.368274	0
4SubClones0.9_T-fakeNormal	chr2	241851036	241873295	1.09326	1	1	0	1	0.416977	0.327243	20	0	0.124447	0
4SubClones0.9_T-fakeNormal	chr3	4303349	42621537	1.09326	1	1	0	1	0.443038	0.327243	395	0	1	0
4SubClones0.9_T-fakeNormal	chr3	42632579	48649236	0.792593	1	1	0	1	0.52381	0.327243	123	0	1	0
4SubClones0.9_T-fakeNormal	chr3	48650458	89450391	1.76837	2	2	0	1	0.459167	0.490114	300	0	0.0429386	0
4SubClones0.9_T-fakeNormal	chr3	89472442	197852641	1.99476	2	2	0	1	0.479452	0.490114	1007	0	0.477197	0
4SubClones0.9_T-fakeNormal	chr3	197858812	198038688	2.04631	2	2	0	1	0.550117	0.490114	20	0	0.277317	0
4SubClones0.9_T-fakeNormal	chr4	967527	137528841	2.04631	2	2	0	1	0.459508	0.490114	982	0	0.0413114	0
4SubClones0.9_T-fakeNormal	chr4	137529580	182324273	0.723717	1	1	0	1	0.46077	0.327243	228	0	1	0
4SubClones0.9_T-fakeNormal	chr4	182346629	188144154	2.3211	2	2	0	1	0.549296	0.490114	101	0	0.0232129	0
4SubClones0.9_T-fakeNormal	chr4	188146800	189941092	2.15343	2	2	0	1	0.321256	0.490114	20	0	0.0113082	0
4SubClones0.9_T-fakeNormal	chr5	432784	19839007	2.15343	2	2	0	1	0.415282	0.490114	151	0	0.00129921	0
4SubClones0.9_T-fakeNormal	chr5	21751715	56909764	0.580449	1	1	0	1	0.494051	0.327243	178	0	1	0
4SubClones0.9_T-fakeNormal	chr5	56911147	115581277	2.73041	3	3	0	1	0.459889	0.590372	384	1	0	1
4SubClones0.9_T-fakeNormal	chr5	115616187	180947776	2.03854	2	2	0	1	0.445728	0.490114	676	0	0.00308546	0
4SubClones0.9_T-fakeNormal	chr5	180948333	181260834	2.1203	2	2	0	1	0.34699	0.490114	20	1	0.000732649	0
4SubClones0.9_T-fakeNormal	chr6	2765601	7581590	1.89071	2	2	0	1	0.517241	0.490114	55	0	0.49375	0
4SubClones0.9_T-fakeNormal	chr6	7582620	12164482	2.80356	3	3	0	1	0.536065	0.590372	36	0	0.183554	0
4SubClones0.9_T-fakeNormal	chr6	12290608	17102359	1.75298	2	2	0	1	0.509434	0.490114	25	0	0.730765	0
4SubClones0.9_T-fakeNormal	chr6	17114940	41598957	2.89088	3	3	0	1	0.485714	0.590372	885	1	3.01148e-12	1
4SubClones0.9_T-fakeNormal	chr6	41646104	42916148	3.15877	3	3	0	1	0.445783	0.590372	33	0	0.00332	0
4SubClones0.9_T-fakeNormal	chr6	42923005	52755096	2.71332	3	3	0	1	0.42623	0.590372	127	1	3.65818e-13	1
4SubClones0.9_T-fakeNormal	chr6	52796160	57382189	2.88632	3	3	0	1	0.45098	0.590372	41	1	0.000990444	1
4SubClones0.9_T-fakeNormal	chr6	61574306	75267769	2.26007	2	2	0	1	0.514286	0.490114	89	0	0.3556	0
4SubClones0.9_T-fakeNormal	chr6	75284380	90523804	1.01582	1	1	0	1	0.503636	0.327243	106	0	1	0
4SubClones0.9_T-fakeNormal	chr6	90544530	110413487	2.0088	2	2	0	1	0.415422	0.490114	90	0	0.00467916	0
4SubClones0.9_T-fakeNormal	chr6	110415445	127155459	2.78218	3	3	0	1	0.565287	0.590372	90	0	0.363079	0
4SubClones0.9_T-fakeNormal	chr6	127286594	132374798	4.84706	5	5	0	1	0.573034	0.706052	37	0	0.00164894	0
4SubClones0.9_T-fakeNormal	chr6	132401141	136642590	5.13496	5	4	1	0	0.466048	0.424086	32	0	0.320415	0
4SubClones0.9_T-fakeNormal	chr6	136650962	142420125	4.15958	4	3	1	0	0.435897	0.331407	27	0	0.0745589	0
4SubClones0.9_T-fakeNormal	chr6	142438190	145627714	3.09681	3	3	0	1	0.459062	0.590372	20	0	0.100818	0
4SubClones0.9_T-fakeNormal	chr6	145635223	148474243	1.46906	1	1	0	1	0.432256	0.327243	28	0	0.0187516	0
4SubClones0.9_T-fakeNormal	chr6	148487592	165302317	3.33954	3	3	0	1	0.411765	0.590372	197	1	0	0
4SubClones0.9_T-fakeNormal	chr6	165309540	166423438	2.11814	2	2	0	1	0.420785	0.490114	20	0	0.288466	0
4SubClones0.9_T-fakeNormal	chr6	166430431	168061078	2.41183	2	2	0	1	0.51373	0.490114	28	0	0.618384	0
4SubClones0.9_T-fakeNormal	chr6	168061785	170584602	1.75774	2	2	0	1	0.440475	0.490114	38	0	0.241714	0
4SubClones0.9_T-fakeNormal	chr7	193178	5884020	1.96062	2	2	0	1	0.543865	0.490114	156	0	0.014263	0
4SubClones0.9_T-fakeNormal	chr7	5910013	6692724	1.64009	2	2	0	1	0.464567	0.490114	43	0	0.532339	0
4SubClones0.9_T-fakeNormal	chr7	6697317	56083736	1.753	2	2	0	1	0.485714	0.490114	450	0	0.769266	0
4SubClones0.9_T-fakeNormal	chr7	56084127	73313531	1.34026	1	1	0	1	0.481643	0.327243	22	0	0.00795299	0
4SubClones0.9_T-fakeNormal	chr7	73316543	75073758	-0.26648	0	0	0	1	0.560287	0.129342	34	0	1	0
4SubClones0.9_T-fakeNormal	chr7	75421487	96709784	-0.198894	0	0	0	1	0.491228	0.129342	161	0	1	0
4SubClones0.9_T-fakeNormal	chr7	97005956	101174828	2.0992	2	2	0	1	0.448686	0.490114	116	0	0.0907956	0
4SubClones0.9_T-fakeNormal	chr7	101195901	102301300	1.31003	1	1	0	1	0.37563	0.327243	22	0	0.240712	0
4SubClones0.9_T-fakeNormal	chr7	102308793	128359274	2.48015	2	2	0	1	0.486726	0.490114	151	0	0.87711	0
4SubClones0.9_T-fakeNormal	chr7	128359318	158902616	1.93342	2	2	0	1	0.4375	0.490114	433	1	0.000452132	0
4SubClones0.9_T-fakeNormal	chr7	158905967	159142566	1.81292	2	2	0	1	0.545849	0.490114	20	0	0.253272	0
4SubClones0.9_T-fakeNormal	chr8	1928405	6562955	1.81292	2	2	0	1	0.444444	0.490114	35	0	0.170211	0
4SubClones0.9_T-fakeNormal	chr8	6621432	50553200	-0.437023	0	0	0	1	0.39759	0.129342	343	0	1	0
4SubClones0.9_T-fakeNormal	chr8	50656887	56316368	5.76744	6	5	1	0	0.506849	0.495052	25	0	0.758298	0
4SubClones0.9_T-fakeNormal	chr8	56441250	78798229	0.949315	1	1	0	1	0.359223	0.327243	77	0	0.21787	0
4SubClones0.9_T-fakeNormal	chr8	78804891	125431283	-0.449596	0	0	0	1	0.414226	0.129342	225	0	1	0
4SubClones0.9_T-fakeNormal	chr8	125433295	138802955	1.21587	1	1	0	1	0.302326	0.327243	61	0	0.401241	0
4SubClones0.9_T-fakeNormal	chr8	138807746	141165310	1.5923	2	2	0	1	0.478974	0.490114	20	0	0.765084	0
4SubClones0.9_T-fakeNormal	chr8	141166168	142284506	1.43093	1	1	0	1	0.333038	0.327243	32	0	0.873415	0
4SubClones0.9_T-fakeNormal	chr8	142300464	142846711	1.98436	2	2	0	1	0.486458	0.490114	20	0	0.934734	0
4SubClones0.9_T-fakeNormal	chr8	142874351	143321407	2.2316	2	2	0	1	0.324138	0.490114	25	1	8.97332e-06	0
4SubClones0.9_T-fakeNormal	chr8	143323977	143803961	1.43389	1	1	0	1	0.504	0.327243	31	0	1	0
4SubClones0.9_T-fakeNormal	chr8	143804024	144095249	2.11433	2	1	1	0	0.139241	0.129342	47	0	0.754812	0
4SubClones0.9_T-fakeNormal	chr8	144095811	144466539	2.89398	3	2	1	0	0.179487	0.214462	23	0	0.37712	0
4SubClones0.9_T-fakeNormal	chr8	144466738	145054178	1.54464	2	2	0	1	0.368714	0.490114	20	0	0.00418876	0
4SubClones0.9_T-fakeNormal	chr9	214487	15745652	1.93061	2	2	0	1	0.499254	0.490114	128	0	0.72941	0
4SubClones0.9_T-fakeNormal	chr9	15777578	19324528	1.97439	2	2	0	1	0.547075	0.490114	22	0	0.218318	0
4SubClones0.9_T-fakeNormal	chr9	19326042	25678342	2.28304	2	2	0	1	0.548216	0.490114	20	0	0.343921	0
4SubClones0.9_T-fakeNormal	chr9	26109931	33469688	3.55147	4	4	0	1	0.645833	0.65772	39	0	0.784028	0
4SubClones0.9_T-fakeNormal	chr9	33469990	37785065	4.49675	4	3	1	0	0.49436	0.331407	86	1	5.44292e-10	1
4SubClones0.9_T-fakeNormal	chr9	37800845	78304961	0.388385	0	0	0	1	0.462687	0.129342	89	0	1	0
4SubClones0.9_T-fakeNormal	chr9	78306292	138122020	2.0359	2	2	0	1	0.469388	0.490114	851	0	0.167042	0
4SubClones0.9_T-fakeNormal	chr10	179991	5374227	2.95118	3	3	0	1	0.582731	0.590372	44	0	0.849354	0
4SubClones0.9_T-fakeNormal	chr10	5393495	17695262	2.1183	2	2	0	1	0.46875	0.490114	139	0	0.359981	0
4SubClones0.9_T-fakeNormal	chr10	17696753	43109251	2.81365	3	3	0	1	0.480392	0.590372	177	1	9.20983e-09	1
4SubClones0.9_T-fakeNormal	chr10	43111185	46550757	4.17116	4	4	0	1	0.525581	0.65772	21	0	0.077416	0
4SubClones0.9_T-fakeNormal	chr10	46580142	49758613	3.22446	3	3	0	1	0.560872	0.590372	52	0	0.472534	0
4SubClones0.9_T-fakeNormal	chr10	49819318	84372490	0.803883	1	1	0	1	0.49839	0.327243	256	0	1	0
4SubClones0.9_T-fakeNormal	chr10	84373597	122578780	2.13045	2	2	0	1	0.470831	0.490114	508	0	0.198607	0
4SubClones0.9_T-fakeNormal	chr10	122585249	133560174	1.84084	2	2	0	1	0.46087	0.490114	201	0	0.15451	0
4SubClones0.9_T-fakeNormal	chr11	193078	373537	1.72502	2	2	0	1	0.366337	0.490114	33	0	0.00427748	0
4SubClones0.9_T-fakeNormal	chr11	373728	18283922	2.44783	2	2	0	1	0.473684	0.490114	674	0	0.273367	0
4SubClones0.9_T-fakeNormal	chr11	18285324	40116313	3.17755	3	3	0	1	0.463666	0.590372	164	1	1.77764e-09	0
4SubClones0.9_T-fakeNormal	chr11	43318618	48325951	0.750021	1	1	0	1	0.40407	0.327243	78	0	0.00614538	0
4SubClones0.9_T-fakeNormal	chr11	49037456	58215743	0.647038	1	1	0	1	0.52	0.327243	143	0	1	0
4SubClones0.9_T-fakeNormal	chr11	58227894	58956048	-0.191096	0	0	0	1	0.716312	0.129342	27	0	1	0
4SubClones0.9_T-fakeNormal	chr11	59109604	71501373	2.59647	3	3	0	1	0.471224	0.590372	418	1	1.9984e-15	1
4SubClones0.9_T-fakeNormal	chr11	71548636	134356414	2.36927	2	2	0	1	0.484148	0.490114	692	0	0.690827	0
4SubClones0.9_T-fakeNormal	chr11	134359038	134387680	2.3624	2	2	0	1	0.377161	0.490114	20	0	0.0521835	0
4SubClones0.9_T-fakeNormal	chr12	548209	9926364	2.3624	2	2	0	1	0.461538	0.490114	228	0	0.0966365	0
4SubClones0.9_T-fakeNormal	chr12	9971555	30991936	0.774854	1	1	0	1	0.431688	0.327243	228	0	1	0
4SubClones0.9_T-fakeNormal	chr12	31087916	38829476	0.808099	1	1	0	1	0.542721	0.327243	36	0	1	0
4SubClones0.9_T-fakeNormal	chr12	38839894	49029257	2.11659	2	2	0	1	0.474216	0.490114	146	0	0.455337	0
4SubClones0.9_T-fakeNormal	chr12	49030579	52434325	2.28571	2	2	0	1	0.472723	0.490114	112	0	0.479117	0
4SubClones0.9_T-fakeNormal	chr12	52447168	133234377	2.27612	2	2	0	1	0.482353	0.490114	933	0	0.604859	0
4SubClones0.9_T-fakeNormal	chr13	19173841	21168420	1.80693	2	2	0	1	0.640869	0.490114	20	0	0.0518017	0
4SubClones0.9_T-fakeNormal	chr13	21172317	35352344	-0.216059	0	0	0	1	0.507246	0.129342	147	0	1	0
4SubClones0.9_T-fakeNormal	chr13	35452070	114302046	1.77158	2	2	0	1	0.485913	0.490114	384	0	0.779397	0
4SubClones0.9_T-fakeNormal	chr13	114323821	114326302	3.01681	3	3	0	1	0.488442	0.590372	20	0	0.038187	0
4SubClones0.9_T-fakeNormal	chr14	20060023	35831521	2.08034	2	2	0	1	0.445545	0.490114	259	0	0.00708598	0
4SubClones0.9_T-fakeNormal	chr14	35834822	53952243	2.58577	3	3	0	1	0.453384	0.590372	96	1	5.59102e-06	1
4SubClones0.9_T-fakeNormal	chr14	54399872	99603980	2.37227	2	2	0	1	0.475749	0.490114	490	0	0.338212	0
4SubClones0.9_T-fakeNormal	chr14	99645186	105529815	1.86883	2	2	0	1	0.421875	0.490114	157	1	0.000260205	0
4SubClones0.9_T-fakeNormal	chr15	22094500	56096641	1.84044	2	2	0	1	0.495079	0.490114	422	0	0.740652	0
4SubClones0.9_T-fakeNormal	chr15	56098059	58772256	-0.219928	0	0	0	1	0.615446	0.129342	20	0	1	0
4SubClones0.9_T-fakeNormal	chr15	58802291	101819146	1.06907	1	1	0	1	0.490553	0.327243	576	0	1	0
4SubClones0.9_T-fakeNormal	chr16	47408	15031927	1.82928	2	2	0	1	0.540541	0.490114	443	0	1	0
4SubClones0.9_T-fakeNormal	chr16	15032839	50712394	1.44277	1	1	0	1	0.48	0.327243	291	0	1	0
4SubClones0.9_T-fakeNormal	chr16	50716565	55833076	3.5186	4	3	1	0	0.461981	0.331407	38	0	0.00177795	0
4SubClones0.9_T-fakeNormal	chr16	55846429	57815666	4.12398	4	4	0	1	0.568744	0.65772	66	0	0.0151412	0
4SubClones0.9_T-fakeNormal	chr16	57816198	61857259	3.65734	4	3	1	0	0.381579	0.331407	37	0	0.261692	0
4SubClones0.9_T-fakeNormal	chr16	61901157	69939961	1.88124	2	2	0	1	0.511111	0.490114	101	0	0.427688	0
4SubClones0.9_T-fakeNormal	chr16	70120471	90075931	1.86585	2	2	0	1	0.520865	0.490114	510	0	0.04036	0
4SubClones0.9_T-fakeNormal	chr17	156198	1056130	1.52702	2	2	0	1	0.473106	0.490114	30	0	0.724321	0
4SubClones0.9_T-fakeNormal	chr17	1056976	15593516	2.0445	2	2	0	1	0.442371	0.490114	526	0	0.0014582	0
4SubClones0.9_T-fakeNormal	chr17	15594726	41034842	1.98603	2	2	0	1	0.481172	0.490114	411	0	0.551052	0
4SubClones0.9_T-fakeNormal	chr17	41040842	41584434	2.97123	3	3	0	1	0.445545	0.590372	63	1	1.59499e-05	1
4SubClones0.9_T-fakeNormal	chr17	41584953	63929909	2.1212	2	2	0	1	0.466135	0.490114	377	0	0.109912	0
4SubClones0.9_T-fakeNormal	chr17	63930052	75817547	2.21632	2	2	0	1	0.387211	0.490114	218	1	1.60955e-07	0
4SubClones0.9_T-fakeNormal	chr17	75818081	82939497	1.76768	2	2	0	1	0.489926	0.490114	374	0	0.989967	0
4SubClones0.9_T-fakeNormal	chr17	82941377	83094596	1.9653	2	2	0	1	0.401151	0.490114	20	0	0.150771	0
4SubClones0.9_T-fakeNormal	chr18	2703670	12127960	1.9653	2	2	0	1	0.542857	0.490114	110	0	0.0369416	0
4SubClones0.9_T-fakeNormal	chr18	12254362	14748661	2.79799	3	3	0	1	0.553571	0.590372	23	0	0.515763	0
4SubClones0.9_T-fakeNormal	chr18	14752817	25227718	2.13662	2	2	0	1	0.411591	0.490114	32	0	0.092902	0
4SubClones0.9_T-fakeNormal	chr18	25321986	59331560	3.42725	3	3	0	1	0.464435	0.590372	211	1	6.85402e-11	0
4SubClones0.9_T-fakeNormal	chr18	59333069	77066406	3.17896	3	3	0	1	0.588832	0.590372	97	0	0.957573	0
4SubClones0.9_T-fakeNormal	chr18	77105189	80202953	1.31644	1	1	0	1	0.667897	0.327243	37	0	1	0
4SubClones0.9_T-fakeNormal	chr19	281366	815872	1.77127	2	2	0	1	0.499821	0.490114	72	0	0.782691	0
4SubClones0.9_T-fakeNormal	chr19	821463	965101	2.22609	2	2	0	1	0.424827	0.490114	24	0	0.152661	0
4SubClones0.9_T-fakeNormal	chr19	966550	1031213	1.38999	1	1	0	1	0.552448	0.327243	41	0	1	0
4SubClones0.9_T-fakeNormal	chr19	1032370	1074745	2.69077	3	3	0	1	0.501056	0.590372	28	0	0.0686019	0
4SubClones0.9_T-fakeNormal	chr19	1077745	1218521	1.50796	2	2	0	1	0.533742	0.490114	23	0	0.51632	0
4SubClones0.9_T-fakeNormal	chr19	1220559	1611870	2.02329	2	2	0	1	0.529412	0.490114	25	0	0.34281	0
4SubClones0.9_T-fakeNormal	chr19	1612185	1917843	1.00108	1	1	0	1	0.462366	0.327243	21	0	0.0184877	0
4SubClones0.9_T-fakeNormal	chr19	1918105	2431923	3.13163	3	3	0	1	0.421053	0.590372	31	0	0.00156327	0
4SubClones0.9_T-fakeNormal	chr19	2432394	11202146	2.06069	2	2	0	1	0.448857	0.490114	666	0	0.00595115	0
4SubClones0.9_T-fakeNormal	chr19	11202562	11397379	2.63459	2	2	0	1	0.39358	0.214462	20	1	0.000496511	0
4SubClones0.9_T-fakeNormal	chr19	11397423	12274084	4.20485	4	4	0	1	0.533981	0.65772	21	0	0.0095482	0
4SubClones0.9_T-fakeNormal	chr19	12274951	14705191	1.8517	2	2	0	1	0.463415	0.490114	77	0	0.346441	0
4SubClones0.9_T-fakeNormal	chr19	14706664	15161735	2.57771	3	3	0	1	0.510638	0.590372	45	0	0.0242158	0
4SubClones0.9_T-fakeNormal	chr19	15162443	15729012	4.48895	4	4	0	1	0.496167	0.65772	34	1	3.53021e-05	0
4SubClones0.9_T-fakeNormal	chr19	15741371	15949979	2.60006	3	3	0	1	0.438849	0.590372	21	1	7.81517e-07	1
4SubClones0.9_T-fakeNormal	chr19	16067603	19248903	2.48544	2	2	0	1	0.474939	0.490114	208	0	0.402868	0
4SubClones0.9_T-fakeNormal	chr19	19249744	19795681	5.64525	6	5	1	0	0.571224	0.495052	20	0	0.143272	0
4SubClones0.9_T-fakeNormal	chr19	19821579	39873816	2.61956	3	3	0	1	0.469812	0.590372	360	1	8.88178e-16	1
4SubClones0.9_T-fakeNormal	chr19	39875366	43015391	3.30316	3	2	1	0	0.38903	0.214462	104	1	3.6855e-12	1
4SubClones0.9_T-fakeNormal	chr19	43066535	50823769	2.86527	3	3	0	1	0.493333	0.590372	487	1	9.84883e-11	0
4SubClones0.9_T-fakeNormal	chr19	50825774	51235274	2.06871	2	2	0	1	0.391304	0.490114	25	0	0.0310447	0
4SubClones0.9_T-fakeNormal	chr19	51235573	51588488	1.49426	1	1	0	1	0.382398	0.327243	30	0	0.279729	0
4SubClones0.9_T-fakeNormal	chr19	51612209	52434141	2.63175	3	3	0	1	0.421683	0.590372	40	0	0.00189065	0
4SubClones0.9_T-fakeNormal	chr19	52435059	52951605	12.216	12	10	2	0	0.520908	0.568135	20	0	0.231998	0
4SubClones0.9_T-fakeNormal	chr19	52952729	53290395	3.59156	4	3	1	0	0.328467	0.331407	21	0	0.953529	0
4SubClones0.9_T-fakeNormal	chr19	53350796	54574603	2.69253	3	3	0	1	0.468419	0.590372	54	1	0.000627573	1
4SubClones0.9_T-fakeNormal	chr19	54575785	55200523	2.12361	2	2	0	1	0.539568	0.490114	79	0	0.0651063	0
4SubClones0.9_T-fakeNormal	chr19	55202034	55652767	1.41622	1	1	0	1	0.416058	0.327243	51	0	0.031918	0
4SubClones0.9_T-fakeNormal	chr19	55660155	56028530	2.61594	3	3	0	1	0.443275	0.590372	34	1	0.000221701	1
4SubClones0.9_T-fakeNormal	chr19	56032589	56779493	2.06644	2	2	0	1	0.392751	0.490114	40	0	0.0196192	0
4SubClones0.9_T-fakeNormal	chr19	56781931	57779817	3.3005	3	3	0	1	0.524509	0.590372	62	0	0.0628089	0
4SubClones0.9_T-fakeNormal	chr19	57808018	58571410	1.75469	2	2	0	1	0.487204	0.490114	46	0	0.921823	0
4SubClones0.9_T-fakeNormal	chr20	87688	64273621	2.15154	2	2	0	1	0.485431	0.490114	896	0	0.754897	0
4SubClones0.9_T-fakeNormal	chr21	10590440	33546400	3.64194	3	3	0	1	0.47619	0.331407	97	1	7.47388e-08	0
4SubClones0.9_T-fakeNormal	chr21	33549454	43669987	3.2287	3	3	0	1	0.480633	0.590372	160	1	8.41667e-07	0
4SubClones0.9_T-fakeNormal	chr21	43672286	44406786	2.79955	3	3	0	1	0.403509	0.590372	29	0	0.00234203	0
4SubClones0.9_T-fakeNormal	chr21	44413869	44697960	10.3241	10	7	3	0	0.333333	0.333537	23	0	0.997153	0
4SubClones0.9_T-fakeNormal	chr21	44711411	45482842	3.03274	3	3	0	1	0.579439	0.590372	20	0	0.887792	0
4SubClones0.9_T-fakeNormal	chr21	45487425	46302597	2.56183	2	2	0	1	0.366037	0.214462	56	1	3.26183e-06	0
4SubClones0.9_T-fakeNormal	chr21	46311434	46443969	1.67962	2	2	0	1	0.606563	0.490114	22	0	0.0168131	0
4SubClones0.9_T-fakeNormal	chr21	46444672	46664395	4.32771	4	3	1	0	0.412178	0.331407	20	0	0.110291	0
4SubClones0.9_T-fakeNormal	chr22	17119369	18168057	4.32771	4	3	1	0	0.46469	0.331407	24	1	0.000476376	1
4SubClones0.9_T-fakeNormal	chr22	18173128	23059739	4.19097	5	4	1	0	0.421569	0.331407	89	1	0.0001619	0
4SubClones0.9_T-fakeNormal	chr22	23061787	25785512	5.53969	6	5	1	0	0.488479	0.495052	54	0	0.838666	0
4SubClones0.9_T-fakeNormal	chr22	25797931	39032337	4.97443	4	4	0	1	0.480804	0.424086	242	1	0.000156084	0
4SubClones0.9_T-fakeNormal	chr22	39044061	44192125	5.56713	6	5	1	0	0.423729	0.495052	121	0	0.00234621	0
4SubClones0.9_T-fakeNormal	chr22	44193779	45413588	2.8789	2	2	0	1	0.385475	0.214462	35	1	1.93189e-05	0
4SubClones0.9_T-fakeNormal	chr22	45414300	50201611	2.13474	2	2	0	1	0.396825	0.490114	112	0	0.0035696	0
4SubClones0.9_T-fakeNormal	chr22	50206295	50739495	1.32886	1	1	0	1	0.425833	0.327243	84	0	0.00129806	0
4SubClones0.9_T-fakeNormal	chr22	50739672	50778002	3.44089	3	2	1	0	0.337837	0.214462	20	1	0.000850877	1
